cam0:
  T_cam_imu:
  - [0.020078404095034637, 0.9989862230778792, -0.040291237131548925, 0.07827941831067575]
  - [0.9997334059360725, -0.0196012576534545, 0.012202776481735256, -0.016113548604969746]
  - [0.011400646668360347, -0.040525508004183024, -0.9991134612527981, 0.011146560352602336]
  - [0.0, 0.0, 0.0, 1.0]
  cam_overlaps: [1]
  camera_model: pinhole
  distortion_coeffs: [-0.2541015100301449, 0.0484331780378839, -0.001404203199102345, -0.0005448360355516906]
  distortion_model: radtan
  intrinsics: [597.9038036307098, 595.6323306035124, 630.5315600629643, 386.2000082349846]
  resolution: [1280, 720]
  rostopic: /depthai_cam/left/image_raw
  timeshift_cam_imu: 0.004117053590574442
cam1:
  T_cam_imu:
  - [0.0019047815842498028, 0.9986723267866587, -0.05147771865221892, 0.004483825390716775]
  - [0.9999401450813664, -0.0013475251688826807, 0.010857735978307938, -0.01574225774481988]
  - [0.010773952931571486, -0.051495319073095694, -0.9986151180769235, 0.012904534011929399]
  - [0.0, 0.0, 0.0, 1.0]
  T_cn_cnm1:
  - [0.9997722417725673, -0.018299130902436622, 0.010982094029089758, -0.07419504064751867]
  - [0.01829357160981309, 0.9998324746876723, 0.0006064632509427464, -0.0010701786907819624]
  - [-0.01099135200077408, -0.0004054234004008557, 0.9999395110770724, 0.0026125117341576267]
  - [0.0, 0.0, 0.0, 1.0]
  cam_overlaps: [0]
  camera_model: pinhole
  distortion_coeffs: [-0.25126722150999287, 0.046415480678224666, -0.0016733524746393212, 0.0011301042669682553]
  distortion_model: radtan
  intrinsics: [600.2737398015433, 598.8120731752095, 611.5344704009636, 388.4678763446578]
  resolution: [1280, 720]
  rostopic: /depthai_cam/right/image_raw
  timeshift_cam_imu: 0.004038358649440913
