%YAML:1.0

cam0:
  T_cam_imu:
    - - 0.020078404095034637
      - 0.9989862230778792
      - -0.040291237131548925
      - 0.07827941831067575
    - - 0.9997334059360725
      - -0.0196012576534545
      - 0.012202776481735256
      - -0.016113548604969746
    - - 0.011400646668360347
      - -0.040525508004183024
      - -0.9991134612527981
      - 0.011146560352602336
    - - 0.0
      - 0.0
      - 0.0
      - 1.0
  cam_overlaps:
    - 1
  camera_model: pinhole
  distortion_coeffs:
    - -0.2541015100301449
    - 0.0484331780378839
    - -0.001404203199102345
    - -0.0005448360355516906
  distortion_model: radtan
  intrinsics:
    - 597.9038036307098
    - 595.6323306035124
    - 630.5315600629643
    - 386.2000082349846
  resolution:
    - 1280
    - 720
  rostopic: /depthai_cam/left/image_raw
  timeshift_cam_imu: 0.004117053590574442
cam1:
  T_cam_imu:
    - - 0.001904781584249579
      - 0.9986723267866531
      - -0.05147771865221867
      - 0.0044838253907162895
    - - 0.9999401450813606
      - -0.0013475251688824597
      - 0.010857735978307874
      - -0.01574225774481978
    - - 0.010773952931571427
      - -0.05149531907309544
      - -0.9986151180769178
      - 0.012904534011929331
    - - 0.0
      - 0.0
      - 0.0
      - 1.0
  cam_overlaps:
    - 0
  camera_model: pinhole
  distortion_coeffs:
    - -0.25126722150999287
    - 0.046415480678224666
    - -0.0016733524746393212
    - 0.0011301042669682553
  distortion_model: radtan
  intrinsics:
    - 600.2737398015433
    - 598.8120731752095
    - 611.5344704009636
    - 388.4678763446578
  resolution:
    - 1280
    - 720
  rostopic: /depthai_cam/right/image_raw
  timeshift_cam_imu: 0.004117053590574442

