%YAML:1.0

cam0:
  camera_model: pinhole
  intrinsics: [563.82928467, 563.66833496, 635.17608643, 369.94302368]
  distortion_model: radtan
  distortion_coeffs: [5.246612071990967, 1.6993600130081177, -8.867833821568638e-05, 8.370610885322094e-05, 0.03173472359776497]
  resolution: [1280, 720]
  rostopic: /depthai_cam/left/image_rect

  # IMU -> LEFT (translation scaled /100)
  T_imu_cam:
    - [ 9.99882758e-01, -5.33075829e-04,  1.53002897e-02, -1.15661621e-02 ]
    - [ 6.92247646e-04,  9.99945641e-01, -1.03997355e-02, -1.02372758e-01 ]
    - [-1.52939139e-02,  1.04091084e-02,  9.99828815e-01,  4.89592552e-02 ]
    - [ 0.0, 0.0, 0.0, 1.0 ]


  timeshift_cam_imu: 0.0


    # cam1:
    #   camera_model: pinhole
    #   intrinsics: [565.90240479, 565.78033447, 636.75811768, 367.42916870]
    #   distortion_model: radtan
    #   distortion_coeffs: [5.922119617462158, 1.8095365762710571, 4.094034375157207e-05, -7.44265053072013e-05, 0.027227656915783882]
    #   resolution: [1280, 720]
    #   rostopic: /depthai_cam/right/image_rect
    # 
    #   # IMU -> RIGHT (computed as (LEFT->RIGHT)*(IMU->LEFT), translations scaled /100)
    #   T_imu_cam:
    #     - [ 9.99802543e-01, -1.77158875e-02, -8.99691653e-03, -7.55254851e-02 ]
    #     - [ 1.77124223e-02,  9.99842982e-01, -4.64981976e-04, -1.48396974e-03 ]
    #     - [ 9.00374914e-03,  3.05537785e-04,  9.99959373e-01, -1.34827983e-04 ]
    #     - [ 0.0, 0.0, 0.0, 1.0 ]
    # 
    #   timeshift_cam_imu: 0.0

