%YAML:1.0

cam0:
  T_cam_imu:
    - [0.00664259678799296, 0.9998566483051385, -0.015574297670432054, 0.06777828121277653]
    - [0.9998944219267978, -0.00684252214802893, -0.012818927035014074, -0.006174844679886959]
    - [-0.012923656896847224, -0.015487502402544229, -0.9997965374823741, 0.0027622043359554886]
    - [0.0, 0.0, 0.0, 1.0]
  cam_overlaps: [1]
  camera_model: pinhole
  distortion_coeffs: [-0.25420047024592957, 0.05160020319841611, 0.0017824619277475395, -0.0006016631916260538]
  distortion_model: radtan
  intrinsics: [279.42287727361804, 279.5950294494144, 321.7271045661048, 202.5115030305546]
  resolution: [640, 400]
  rostopic: /left/image_raw
  timeshift_cam_imu: -5.125377174792242e-05
cam1:
  T_cam_imu:
    - [-0.010563519881761371, 0.9998809438738266, -0.011247672012189876, -0.007306001769877488]
    - [0.9997775339173564, 0.010355726497051668, -0.018375026608096052, -0.0046267564178783804]
    - [-0.018256361133522976, -0.011439274745560977, -0.9997678971998744, 0.0003492340800488993]
    - [0.0, 0.0, 0.0, 1.0]
  T_cn_cnm1:
    - [0.9998426146346439, -0.017259929022696845, -0.00410375568140433, -0.0751688576422662]
    - [0.01728153915571047, 0.9998366681691357, 0.005290121818393802, 0.0003611542952118503]
    - [0.004011778280368565, -0.005360208445132288, 0.9999775866490489, -0.0027179182367020457]
    - [0.0, 0.0, 0.0, 1.0]
  cam_overlaps: [0]
  camera_model: pinhole
  distortion_coeffs: [-0.2483993411523908, 0.04905328577883405, 0.0016623955087440106, -0.00019854715493030332]
  distortion_model: radtan
  intrinsics: [277.727609063944, 278.7560672092293, 317.34143854480544, 201.17735979367794]
  resolution: [640, 400]
  rostopic: /right/image_raw
  timeshift_cam_imu: -0.000107291889156111

