cam0:
  cam_overlaps: [1]
  camera_model: pinhole
  distortion_coeffs: [-0.2541015100301449, 0.0484331780378839, -0.001404203199102345, -0.0005448360355516906]
  distortion_model: radtan
  intrinsics: [597.9038036307098, 595.6323306035124, 630.5315600629643, 386.2000082349846]
  resolution: [1280, 720]
  rostopic: /depthai_cam/left/image_raw
cam1:
  T_cn_cnm1:
  - [0.9997722417725646, -0.018299130902436626, 0.010982094029089756, -0.07419504064751867]
  - [0.018293571609813094, 0.9998324746876697, 0.0006064632509427467, -0.0010701786907819624]
  - [-0.010991352000774078, -0.0004054234004008556, 0.9999395110770697, 0.0026125117341576267]
  - [0.0, 0.0, 0.0, 1.0]
  cam_overlaps: [0]
  camera_model: pinhole
  distortion_coeffs: [-0.25126722150999287, 0.046415480678224666, -0.0016733524746393212, 0.0011301042669682553]
  distortion_model: radtan
  intrinsics: [600.2737398015433, 598.8120731752095, 611.5344704009636, 388.4678763446578]
  resolution: [1280, 720]
  rostopic: /depthai_cam/right/image_raw
