%YAML:1.0
cam0:
  T_cam_imu:
    - [-0.9981672846543075, -0.05867667664329938, 0.014802684349278332, 0.0008993513087585947]
    - [-0.012720045777606343, -0.035709444180704784, -0.9992812597220668, -0.02233870248979381]
    - [0.059163098982915725, -0.9976381524452655, 0.034897628921388126, -0.026776292803084495]
    - [0.0, 0.0, 0.0, 1.0]
  T_cn_cnm1:
    - [0.9940974276822598, 4.9287297085558266e-05, 0.10849102196162802, 0.06137245453939791]
    - [-0.004254882395778096, 0.9992482577178068, 0.038533302787688475, 0.00046483552016731745]
    - [-0.10840756547083882, -0.03876747372078723, 0.9933503323249033, -0.00487294467515205]
    - [0.0, 0.0, 0.0, 1.0]
  cam_overlaps: [0]
  camera_model: pinhole
  distortion_coeffs: [0.021040637313839074, -0.030339954768780826, 6.116217952544633e-05, -0.00017934826033385136]
  distortion_model: radtan
  intrinsics: [650.5648641657207, 649.3192013137271, 318.2210155858804, 235.21654131890352]
  resolution: [640, 480]
  rostopic: /cam_set_0/left/image_raw
  timeshift_cam_imu: -0.003417165726007039
cam1:
  T_cam_imu:
    - [-0.998635135299028, 0.04997312949677661, 0.015183967682759987, -0.05764464134689279]
    - [-0.01505328443392423, 0.0029904189613422635, -0.9998822210751561, -0.021940238709113154]
    - [-0.050012650140180324, -0.998746085710845, -0.002234077711692443, -0.029197182547361207]
    - [0.0, 0.0, 0.0, 1.0]
  cam_overlaps: [1]
  camera_model: pinhole
  distortion_coeffs: [0.022028717685113147, -0.02472872459819165, 0.00011593479722764332, -0.0008850344629056625]
  distortion_model: radtan
  intrinsics: [653.0500821052344, 651.7187256052899, 308.269681299334, 218.95587514455676]
  resolution: [640, 480]
  rostopic: /cam_set_0/right/image_raw
  timeshift_cam_imu: -0.003244494922698495

