%YAML:1.0
cam0:
  T_cam_imu:
    - [0.023869003106168435, 0.998842532430779, -0.04175962281900464, -0.08130517833210694]
    - [0.13061027798715807, -0.044529198932228176, -0.9904332919114598, 0.0393428198346557]
    - [-0.9911464200484379, 0.01818641937605814, -0.1315219684138096, -0.0024089955531477396]
    - [0.0, 0.0, 0.0, 1.0]
  cam_overlaps: [1, 2, 3]
  camera_model: pinhole
  distortion_coeffs: [0.0033735072124079133, 0.011306054622598977, 0.001671392599269744, 0.0007689935707371359]
  distortion_model: radtan
  intrinsics: [516.9385474786476, 517.031170265584, 143.12393443304902, 110.6687169028575]
  resolution: [320, 240]
  rostopic: /cam_set_0/right/image_raw
cam1:
  T_cam_imu:
    - [-0.02229148095921224, 0.9987100283540544, -0.0456220247434172, -0.021361558368694883]
    - [0.12260846326811042, -0.042557938293738495, -0.9915422263440015, 0.039795612971270565]
    - [-0.9922047443001256, -0.027696591003772364, -0.12150162235580353, 0.00023036016451023463]
    - [0.0, 0.0, 0.0, 1.0]
  T_cn_cnm1:
    - [0.9989271370024454, -0.0021976819027283464, 0.046257379458300614, 0.06005428747063832]
    - [0.0018242923114802144, 0.9999654276785593, 0.008112669424755681, 0.0006220211055116949]
    - [-0.04627360930008665, -0.00801957866022348, 0.9988966109865688, -0.0008100735594035362]
    - [0.0, 0.0, 0.0, 1.0]
  cam_overlaps: [0, 2, 3]
  camera_model: pinhole
  distortion_coeffs: [-0.00620128621506465, 0.015164694189339512, 0.0009618653617460496, 9.595297386712425e-05]
  distortion_model: radtan
  intrinsics: [519.1662955576084, 518.6775792802017, 139.4451219965988, 107.25157640281998]
  resolution: [320, 240]
  rostopic: /cam_set_0/left/image_raw
# cam2:
#   T_cam_imu:
#     - [-0.03621517103441141, 0.9986072964235378, -0.03836572580599962, -0.020864004709532275]
#     - [-0.09356529956689308, -0.04161048057478289, -0.9947432345199909, -0.03944696780973132]
#     - [-0.9949542683480012, -0.03243509574532549, 0.09494192151039321, -0.0011967604594866803]
#     - [0.0, 0.0, 0.0, 1.0]
#   T_cn_cnm1:
#     - [0.9998767332132841, -0.008897716987406528, 0.01293634458184474, 0.0008460305715959796]
#     - [0.005911105317688994, 0.9766288800661403, 0.21485131941572191, -0.07823573550142746]
#     - [-0.01454569395564871, -0.21474836728870697, 0.9765610895044816, 0.006813602987667654]
#     - [0.0, 0.0, 0.0, 1.0]
#   cam_overlaps: [0, 1, 3]
#   camera_model: pinhole
#   distortion_coeffs: [0.012632071794587044, 0.009056411018560931, -0.0019445575379402117, -0.00024460033504577317]
#   distortion_model: radtan
#   intrinsics: [519.1425152569078, 518.4294267188561, 162.7134989221735, 137.56179493924313]
#   resolution: [320, 240]
#   rostopic: /cam_set_1/right/image_raw
# cam3:
#   T_cam_imu:
#     - [0.03351064252062608, 0.9983624098202295, -0.046363083329291455, -0.08144800615449699]
#     - [-0.07665661004567315, -0.04368499724690522, -0.9961000879188011, -0.04013274814368586]
#     - [-0.996494255364355, 0.036933990760299684, 0.0750671656075923, -0.006389311795868798]
#     - [0.0, 0.0, 0.0, 1.0]
#   T_cn_cnm1:
#     - [0.9975371466136418, 0.0014415905067596685, -0.07012533738046325, -0.060662443286286706]
#     - [-0.002631921902854586, 0.9998539757740528, -0.016884907933314278, -0.0007666601680478499]
#     - [0.07009075625936884, 0.01702788729202908, 0.997395276177584, -0.003061596176294113]
#     - [0.0, 0.0, 0.0, 1.0]
#   cam_overlaps: [0, 1, 2]
#   camera_model: pinhole
#   distortion_coeffs: [-0.023376444335390125, 0.10328173656216112, -0.0014823479664398155, -0.0006227343076517486]
#   distortion_model: radtan
#   intrinsics: [518.0288434566254, 517.05727228417, 155.98590247425437, 124.77243204700773]
#   resolution: [320, 240]
#   rostopic: /cam_set_1/left/image_raw
